70
3 32 0.17 11 1
2 94 0.99 20 3
2 176 0.86 17 2
3 20 0.18 30 1
3 85 0.86 5 2
2 111 0.36 19 2
3 84 0.42 6 1
2 49 0.89 29 3
0 67 0.77 22 2
1 159 0.99 26 1
1 25 0.54 7 1
0 164 0.65 1 3
0 133 0.69 24 2
2 10 0.47 30 1
2 62 0.62 15 2
2 115 0.34 11 1
0 114 0.53 9 3
2 76 0.72 18 1
2 73 0.33 9 2
3 18 0.13 5 3
2 173 0.57 1 2
1 30 0.47 23 3
3 69 0.18 7 3
3 48 0.23 10 2
1 176 0.62 3 2
2 59 0.87 14 2
0 12 0.56 25 2
2 131 0.46 29 1
1 62 0.71 7 2
0 70 0.66 22 1
3 82 0.89 4 2
2 77 0.63 7 2
2 64 0.71 7 2
0 19 0.96 2 1
0 98 0.69 18 1
3 16 0.86 12 1
1 164 0.66 18 3
2 97 0.89 26 3
0 15 0.16 1 3
3 30 0.21 3 3
0 161 0.53 4 2
2 123 0.51 7 3
2 134 0.30 17 3
2 120 0.18 28 3
3 85 0.90 17 2
0 67 0.68 15 2
2 139 0.34 24 2
1 107 0.44 15 2
0 129 0.20 18 1
0 95 0.65 19 2
0 156 0.31 14 1
2 81 0.47 1 3
2 111 0.19 19 1
3 73 0.49 17 3
0 37 0.95 2 3
3 177 0.24 17 1
0 166 0.70 16 3
3 144 0.60 6 3
3 56 0.28 3 1
1 139 0.85 4 3
3 136 0.40 15 3
3 26 0.93 5 3
2 67 0.87 2 2
1 48 0.99 11 3
1 45 0.45 11 1
3 137 0.57 12 3
2 67 0.82 27 1
2 130 0.88 22 3
1 114 0.17 3 1
1 45 0.77 8 3
